%YAML:1.0
---
vocabulary: !!opencv-matrix
   rows: 5
   cols: 128
   dt: f
   data: [ 2.78358154e+01, 3.08391514e+01, 2.85676155e+01,
       2.69210052e+01, 2.66473236e+01, 1.70841179e+01, 1.30888834e+01,
       1.62615280e+01, 6.22391281e+01, 4.43694725e+01, 2.57726669e+01,
       1.91296310e+01, 1.87486000e+01, 1.74569283e+01, 2.19522209e+01,
       4.03532715e+01, 3.54477539e+01, 2.50568333e+01, 2.16959362e+01,
       2.76396999e+01, 3.44636002e+01, 3.30898361e+01, 3.12767773e+01,
       3.45909691e+01, 2.06731796e+01, 1.97686157e+01, 2.20966282e+01,
       2.82956028e+01, 3.08849030e+01, 2.71324902e+01, 2.25151901e+01,
       2.14084358e+01, 3.64081955e+01, 2.66233768e+01, 2.87165489e+01,
       3.66427956e+01, 4.10081024e+01, 2.59130230e+01, 1.31434526e+01,
       1.36959372e+01, 1.19236145e+02, 4.94444160e+01, 1.77395439e+01,
       1.38682232e+01, 1.47381144e+01, 1.46130104e+01, 1.97804127e+01,
       6.05222206e+01, 4.06935539e+01, 1.99665184e+01, 2.67572975e+01,
       5.40227547e+01, 6.86933136e+01, 4.92446060e+01, 3.18849030e+01,
       3.14781361e+01, 2.65186462e+01, 2.99332771e+01, 3.51708565e+01,
       3.93452873e+01, 3.59379234e+01, 2.49188595e+01, 2.05535564e+01,
       2.28997974e+01, 3.16604309e+01, 1.45752411e+01, 1.28799000e+01,
       2.39501953e+01, 4.00879288e+01, 3.95390205e+01, 2.99566307e+01,
       2.44758720e+01, 1.08909683e+02, 7.87823181e+01, 4.73500519e+01,
       2.62004051e+01, 1.58278322e+01, 1.43058500e+01, 1.47867270e+01,
       3.00138206e+01, 2.56595974e+01, 4.20332413e+01, 7.22090988e+01,
       9.00212097e+01, 5.77632523e+01, 1.80204926e+01, 9.80590916e+00,
       1.21934938e+01, 3.36655540e+01, 3.65504570e+01, 3.59600868e+01,
       3.31127129e+01, 2.57709999e+01, 1.78175850e+01, 1.93500538e+01,
       2.67966156e+01, 2.00115566e+01, 1.61199799e+01, 1.55107822e+01,
       1.96989155e+01, 2.84976768e+01, 2.90592155e+01, 2.50482540e+01,
       2.27935181e+01, 3.04612179e+01, 2.89200516e+01, 2.62892876e+01,
       2.43580360e+01, 2.76229000e+01, 2.81432133e+01, 2.61983795e+01,
       2.73234825e+01, 2.80794697e+01, 2.75223389e+01, 2.99575825e+01,
       2.96788979e+01, 2.62223282e+01, 2.44137974e+01, 2.60513515e+01,
       2.82397232e+01, 3.02847595e+01, 2.64360771e+01, 2.13361130e+01,
       1.77022514e+01, 1.69963055e+01, 1.80332413e+01, 2.26727028e+01,
       2.81298695e+01, 1.91353855e+01, 2.19620876e+01, 2.68292770e+01,
       2.97587166e+01, 2.74813938e+01, 2.15031586e+01, 1.72236137e+01,
       1.65760593e+01, 3.51924858e+01, 3.47435036e+01, 3.23334885e+01,
       2.84149303e+01, 2.38016605e+01, 1.98868465e+01, 1.97050076e+01,
       2.60561657e+01, 5.27616425e+01, 3.41205254e+01, 2.29419613e+01,
       1.82444420e+01, 1.76380768e+01, 2.10624847e+01, 3.17208042e+01,
       5.09558868e+01, 2.68338394e+01, 1.95585060e+01, 1.70826111e+01,
       1.90141582e+01, 2.42121449e+01, 3.01090565e+01, 3.53877831e+01,
       3.36535225e+01, 2.21858177e+01, 2.09577579e+01, 2.34069729e+01,
       2.71193542e+01, 3.07934704e+01, 3.28406258e+01, 3.20991096e+01,
       2.77155399e+01, 4.48374672e+01, 3.54372787e+01, 3.50463371e+01,
       3.34185562e+01, 3.80802727e+01, 4.02337914e+01, 2.66619473e+01,
       2.14536629e+01, 1.15677856e+02, 5.33841553e+01, 1.99111862e+01,
       1.27729931e+01, 1.28242455e+01, 1.64439507e+01, 2.47873859e+01,
       6.06638184e+01, 3.32728767e+01, 1.73896561e+01, 1.93103199e+01,
       3.41799660e+01, 4.79947319e+01, 4.69109535e+01, 3.71379585e+01,
       3.02821198e+01, 3.13334885e+01, 2.21385441e+01, 1.86092911e+01,
       1.95869408e+01, 2.47201023e+01, 3.34240570e+01, 3.93343086e+01,
       3.90092430e+01, 3.31041412e+01, 1.35009356e+01, 1.22724075e+01,
       1.65500813e+01, 3.54486313e+01, 6.64026413e+01, 7.29847870e+01,
       5.15867081e+01, 1.04688156e+02, 4.56851158e+01, 2.77075825e+01,
       2.19365788e+01, 1.71419373e+01, 2.27229118e+01, 3.88929329e+01,
       6.20635376e+01, 2.75180206e+01, 3.05835476e+01, 4.57392921e+01,
       5.60157967e+01, 4.47603531e+01, 2.45363903e+01, 1.40953665e+01,
       1.54389181e+01, 3.06331615e+01, 2.51305866e+01, 2.05565166e+01,
       1.82868004e+01, 1.91342144e+01, 2.25359230e+01, 2.67282944e+01,
       3.03950386e+01, 3.25889282e+01, 3.01690845e+01, 2.90290184e+01,
       2.65294876e+01, 2.57601204e+01, 2.84744911e+01, 3.33292770e+01,
       3.48675385e+01, 2.50980568e+01, 2.84558849e+01, 3.51682663e+01,
       3.55016365e+01, 3.06720104e+01, 2.74714489e+01, 2.82495899e+01,
       2.76523514e+01, 2.09890003e+01, 2.33224888e+01, 3.02514629e+01,
       3.13783054e+01, 2.59017086e+01, 2.16037903e+01, 1.99610348e+01,
       2.12045403e+01, 2.20866146e+01, 2.36259041e+01, 2.47210960e+01,
       2.72127209e+01, 2.86067009e+01, 1.99565582e+01, 1.49934635e+01,
       1.61235199e+01, 3.43216667e+01, 2.94462776e+01, 2.68100243e+01,
       2.68077087e+01, 2.59821606e+01, 2.26832371e+01, 2.53661995e+01,
       3.02605209e+01, 2.82128563e+01, 2.95293484e+01, 2.67880993e+01,
       2.58211918e+01, 2.74692917e+01, 2.85102825e+01, 2.80453510e+01,
       2.59221039e+01, 2.91639671e+01, 2.95760612e+01, 2.35070152e+01,
       1.96293087e+01, 1.86042500e+01, 1.73463173e+01, 1.88289528e+01,
       2.32221184e+01, 3.26242714e+01, 2.59136600e+01, 2.90348644e+01,
       3.69607811e+01, 4.03363762e+01, 2.41359138e+01, 1.32257938e+01,
       1.45026560e+01, 1.09175957e+02, 3.09799824e+01, 1.39376287e+01,
       1.31152124e+01, 1.62483997e+01, 2.55189991e+01, 4.61337357e+01,
       7.78112564e+01, 2.53072319e+01, 1.22614737e+01, 9.81478977e+00,
       1.84360619e+01, 6.04579887e+01, 8.93109131e+01, 6.83642960e+01,
       3.89609184e+01, 3.20845718e+01, 2.70424900e+01, 1.95414696e+01,
       1.83883972e+01, 2.69562855e+01, 3.34216270e+01, 3.43046455e+01,
       3.27319908e+01, 3.73070984e+01, 1.44607115e+01, 1.30709524e+01,
       2.59263248e+01, 4.14086914e+01, 3.49459381e+01, 2.75597172e+01,
       2.69829788e+01, 1.20567215e+02, 5.75484161e+01, 1.55714293e+01,
       1.23788652e+01, 1.45082397e+01, 1.34187670e+01, 1.76308060e+01,
       5.19941483e+01, 4.19606438e+01, 2.88958206e+01, 2.45712929e+01,
       4.17328072e+01, 7.07472458e+01, 6.06566811e+01, 2.92569809e+01,
       2.06090164e+01, 2.44647980e+01, 1.94160442e+01, 1.59986391e+01,
       2.21672344e+01, 3.81472168e+01, 4.49908791e+01, 3.81713219e+01,
       2.91361847e+01, 2.94202652e+01, 1.65951252e+01, 1.17106094e+01,
       1.57925920e+01, 2.64944859e+01, 2.62400932e+01, 2.75904961e+01,
       3.24744682e+01, 6.88408051e+01, 4.14816856e+01, 2.02376423e+01,
       1.54805946e+01, 1.61506195e+01, 1.71756783e+01, 2.54424629e+01,
       4.89007225e+01, 3.61952896e+01, 3.43446846e+01, 3.08503361e+01,
       3.29167938e+01, 3.49515190e+01, 2.87353954e+01, 2.14924431e+01,
       2.43196259e+01, 1.82144909e+01, 1.89011307e+01, 2.20490265e+01,
       2.88305893e+01, 3.45447388e+01, 2.99231930e+01, 2.07630405e+01,
       1.76524582e+01, 2.46000996e+01, 2.16389446e+01, 1.99398403e+01,
       2.20162354e+01, 2.55928288e+01, 2.56410370e+01, 2.44070721e+01,
       2.46382465e+01, 2.54178295e+01, 2.31183262e+01, 2.46715145e+01,
       3.04961166e+01, 3.94387474e+01, 3.41498032e+01, 2.67949200e+01,
       2.43957176e+01, 4.26664352e+01, 2.81329689e+01, 2.23817730e+01,
       2.18043823e+01, 2.47366543e+01, 2.53228092e+01, 3.02084675e+01,
       4.22259979e+01, 2.79976101e+01, 2.11534863e+01, 1.66177292e+01,
       1.67090645e+01, 2.14794827e+01, 2.75544834e+01, 3.12439251e+01,
       3.18515949e+01, 3.21696205e+01, 3.13081684e+01, 2.90774899e+01,
       2.97431278e+01, 3.09912357e+01, 2.82730083e+01, 2.54831676e+01,
       2.76445217e+01, 3.22043839e+01, 2.93297806e+01, 4.33953209e+01,
       6.59168320e+01, 6.82664337e+01, 3.52094612e+01, 1.44511957e+01,
       1.34134464e+01, 1.11495621e+02, 4.80932274e+01, 2.51935272e+01,
       1.98971119e+01, 1.78867531e+01, 1.76097603e+01, 2.52692242e+01,
       5.81970139e+01, 3.45067749e+01, 1.60614548e+01, 1.37354584e+01,
